ཁྱེད་རང་གི་ལོ་རྟགས་ག་རེ་རེད།
HARE

LRZTP 9

DRAGON

SNAKE

HORSE

RAM

MONKEY

ROOSTER

DOG

PIG

1905

1906

1907

1908

1909

1910

1911

1917

1918

1919

1920

1921

1922

1923

1929

1930

1931

1932

1933

1934

1935

1941

1942

1943

1944

1945

1946

1947

1953

1954

1955

1956

1957

1958

1959

1965

1966

1967

1968

1969

1970

1971

1977

1978

1979

1980

1981

1982

1983

1989

1990

1991

1992

1993

1994

1995

2001

2002

2003

2004

2995

2006

2007

2013

2014

2015

2016

2017

2018

2019

2025

2026

2027

2028

2029

2030

2031

2037

2038

2039

2040

2041

2042

2043

2049

2050

2051

2052

2053

2054

2055

2061

2062

2063

2064

2065

2066

2067

2073

2074

2075

2076

2077

2076

2079

2085

2086

2087

20868

2089

2090

2091

2097

2098

2099

2100

2101

2102

2103

༠$ 96

©2023 LRZTP

༡

IP

Page 3

